  0   0   0   0   0   0 128  77  10   0   0   0 1 1.00 1 10 0.44 4.00 3.10 1.80
  0   0   0   0   0   0 122 120 112   0   0   0 1 1.00 1 10 0.32 3.40 3.30 3.10
 13  13  13  13  13  13  26  26  26 230 230 230 1 2.42 0  0 0.30 1.00 1.00 1.00
 12   1   3  12   1   3  25   3   7 222  26  62 1 1.77 0  0 0.30 1.00 1.00 1.00
  3   8   2   3   8   2   5  16   4  48 142  32 1 1.57 0  0 0.30 1.00 1.00 1.00
  3   3   7   3   3   7   7   6  15  59  56 133 1 1.77 0  0 0.30 1.00 1.00 1.00
255 255 255 255 255 255 255 255 255   0   0   0 0 1.00 0 10 0.30 1.00 1.00 1.00
255 255 255 255 255 255 255 255 255   0   0   0 0 1.00 0 10 0.30 1.00 1.00 1.00
255 255 255 255 255 255 255 255 255   0   0   0 0 1.00 0 10 0.30 1.00 1.00 1.00
255 255 255 255 255 255 255 255 255   0   0   0 0 1.00 0 10 0.30 1.00 1.00 1.00
255 255 255 255 255 255 255 255 255   0   0   0 0 1.00 0 10 0.30 1.00 1.00 1.00
255 255 255 255 255 255 255 255 255   0   0   0 0 1.00 0 10 0.30 1.00 1.00 1.00
255 255 255 255 255 255 255 255 255   0   0   0 0 1.00 0 10 0.30 1.00 1.00 1.00
255 255 255 255 255 255 255 255 255   0   0   0 0 1.00 0 10 0.30 1.00 1.00 1.00
255 255 255 255 255 255 255 255 255   0   0   0 0 1.00 0 10 0.30 1.00 1.00 1.00
255 255 255 255 255 255 255 255 255   0   0   0 0 1.00 0 10 0.30 1.00 1.00 1.00
255 255 255 255 255 255 255 255 255   0   0   0 0 1.00 0 10 0.30 1.00 1.00 1.00
255 255 255 255 255 255 255 255 255   0   0   0 0 1.00 0 10 0.30 1.00 1.00 1.00
140 140 140 179 179 179 115 115 115   0   0   0 1 1.00 0 10 0.30 1.00 1.00 1.00

//-------------------------------------------------------------------------------------//
   <<<説明>>>  2008.12.22  by M.Fukushima
   上記は、JCAD3 のﾚｲ･ﾄﾚｰｼﾝｸﾞで使用している表面属性情報を指定しています。
   ﾌｫｰﾏｯﾄは以下となっています。

   [環境光(R G B)] [拡散反射光(R G B)] [鏡面反射係数(R G B)] [透過調整用係数(R G B)]
   [映込有無] [視線屈折率] [ﾚｲ･ﾄﾚｰｽﾓﾃﾞﾙ] [ﾊｲﾗｲﾄ1(Phong)] [ﾊｲﾗｲﾄ2(Cook-T)] 
   [分光屈折率(R G B)(Cook-T)]  (1行20ﾃﾞｰﾀ)

   *1) 環境光・拡散反射光・鏡面反射係数・透過調整用係数(R G B)は、0 〜 255となります。
   *2) 映込有無は、反射透過(屈折)計算の有無を表します。(0:無, 1:有)
   *3) 視線屈折率は、0.0 〜 20.0となり、透過(屈折)計算に使用します。
   *4) ﾚｲ･ﾄﾚｰｽﾓﾃﾞﾙは、ﾚｲ･ﾄﾚｰｼﾝｸﾞの方法を表します。(0:Phong, 1:Cook-Torrance)
   *5) ﾊｲﾗｲﾄ1は、ﾊｲﾗｲﾄの広がり(Phong)を示し、1 〜 30となります。
   *6) ﾊｲﾗｲﾄ2は、ﾊｲﾗｲﾄの広がり(Cook-T)を示し、0.0 〜 1.0となります。
   *7) 分光屈折率は、RGB毎の屈折率を示し、0.0 〜 20.0となり、Cook-Torranceにて使用します。

   表面属性情報の順番は上から以下の順となっています。
    a) ｺﾞｰﾙﾄﾞ
    b) ｼﾙﾊﾞｰ(ﾌﾟﾗﾁﾅ)
    c) ｸﾘｽﾀﾙ(ﾀﾞｲﾔﾓﾝﾄﾞ)
    d) ﾙﾋﾞｰ
    e) ｴﾒﾗﾙﾄﾞ
    f) ｻﾌｧｲｱ
    g) ﾕｰｻﾞｰ定義1
    h) ﾕｰｻﾞｰ定義2
    i) ﾕｰｻﾞｰ定義3
    j) ﾕｰｻﾞｰ定義4
    k) ﾕｰｻﾞｰ定義5
    l) ﾕｰｻﾞｰ定義6
    m) ﾕｰｻﾞｰ定義7
    n) ﾕｰｻﾞｰ定義8
    o) ﾕｰｻﾞｰ定義9
    p) ﾕｰｻﾞｰ定義10
    q) ﾕｰｻﾞｰ定義11
    r) ﾕｰｻﾞｰ定義12
    s) ｽﾃｰｼﾞ

   <<<注意>>>
    a) ｽﾍﾟｰｽ(' ')がﾃﾞｰﾀの区切りとなります。
       ｽﾍﾟｰｽには注意してください。
    b) 上記ﾌｫｰﾏｯﾄ以外のﾃﾞｰﾀがあった場合はｴﾗｰとなります。
    c) このﾌｧｲﾙの数値を変更すると、[初期値]が変わります。
//-------------------------------------------------------------------------------------//
